{
  "sphere_radius": 0.05,
  "camera_distance": 0.25,
  "intrinsics": { "fx": 2000, "fy": 2000, "cx": 640, "cy": 480, "width": 1280, "height": 960 },
  "cameras": [
    {
      "image": "view_000.jpg",
      "angle_deg": 0,
      "R": [[0,1,0],[0,0,-1],[-1,-0,-0]],
      "t": [0,0,0.25],
      "center": [0.25,0,0]
    },
    {
      "image": "view_001.jpg",
      "angle_deg": 10,
      "R": [[-0.173648,0.984808,0],[0,0,-1],[-0.984808,-0.173648,-0]],
      "t": [3.30601e-18,0,0.25],
      "center": [0.246202,0.043412,0]
    },
    {
      "image": "view_002.jpg",
      "angle_deg": 20,
      "R": [[-0.34202,0.939693,0],[0,0,-1],[-0.939693,-0.34202,-0]],
      "t": [-5.55545e-18,0,0.25],
      "center": [0.234923,0.085505,0]
    },
    {
      "image": "view_003.jpg",
      "angle_deg": 30,
      "R": [[-0.5,0.866025,0],[0,0,-1],[-0.866025,-0.5,-0]],
      "t": [1.85927e-18,0,0.25],
      "center": [0.216506,0.125,0]
    },
    {
      "image": "view_004.jpg",
      "angle_deg": 40,
      "R": [[-0.642788,0.766044,0],[0,0,-1],[-0.766044,-0.642788,-0]],
      "t": [8.39467e-18,0,0.25],
      "center": [0.191511,0.160697,0]
    },
    {
      "image": "view_005.jpg",
      "angle_deg": 50,
      "R": [[-0.766044,0.642788,0],[0,0,-1],[-0.642788,-0.766044,-0]],
      "t": [-5.48312e-18,0,0.25],
      "center": [0.160697,0.191511,0]
    },
    {
      "image": "view_006.jpg",
      "angle_deg": 60,
      "R": [[-0.866025,0.5,0],[0,0,-1],[-0.5,-0.866025,-0]],
      "t": [-3.71854e-18,0,0.25],
      "center": [0.125,0.216506,0]
    },
    {
      "image": "view_007.jpg",
      "angle_deg": 70,
      "R": [[-0.939693,0.34202,0],[0,0,-1],[-0.34202,-0.939693,-0]],
      "t": [-7.22932e-18,0,0.25],
      "center": [0.085505,0.234923,0]
    },
    {
      "image": "view_008.jpg",
      "angle_deg": 80,
      "R": [[-0.984808,0.173648,0],[0,0,-1],[-0.173648,-0.984808,-0]],
      "t": [9.7599e-19,0,0.25],
      "center": [0.043412,0.246202,0]
    },
    {
      "image": "view_009.jpg",
      "angle_deg": 90,
      "R": [[-1,6.12323e-17,0],[0,0,-1],[-6.12323e-17,-1,-0]],
      "t": [0,0,0.25],
      "center": [1.53081e-17,0.25,0]
    },
    {
      "image": "view_010.jpg",
      "angle_deg": 100,
      "R": [[-0.984808,-0.173648,0],[-0,0,-1],[0.173648,-0.984808,-0]],
      "t": [-1.39766e-18,0,0.25],
      "center": [-0.043412,0.246202,0]
    },
    {
      "image": "view_011.jpg",
      "angle_deg": 110,
      "R": [[-0.939693,-0.34202,0],[-0,0,-1],[0.34202,-0.939693,-0]],
      "t": [5.55545e-18,0,0.25],
      "center": [-0.085505,0.234923,0]
    },
    {
      "image": "view_012.jpg",
      "angle_deg": 120,
      "R": [[-0.866025,-0.5,0],[-0,0,-1],[0.5,-0.866025,-0]],
      "t": [-7.43708e-18,0,0.25],
      "center": [-0.125,0.216506,0]
    },
    {
      "image": "view_013.jpg",
      "angle_deg": 130,
      "R": [[-0.766044,-0.642788,0],[-0,0,-1],[0.642788,-0.766044,-0]],
      "t": [5.48312e-18,0,0.25],
      "center": [-0.160697,0.191511,0]
    },
    {
      "image": "view_014.jpg",
      "angle_deg": 140,
      "R": [[-0.642788,-0.766044,0],[-0,0,-1],[0.766044,-0.642788,-0]],
      "t": [2.06205e-18,0,0.25],
      "center": [-0.191511,0.160697,0]
    },
    {
      "image": "view_015.jpg",
      "angle_deg": 150,
      "R": [[-0.5,-0.866025,0],[-0,0,-1],[0.866025,-0.5,-0]],
      "t": [-1.85927e-18,0,0.25],
      "center": [-0.216506,0.125,0]
    },
    {
      "image": "view_016.jpg",
      "angle_deg": 160,
      "R": [[-0.34202,-0.939693,0],[-0,0,-1],[0.939693,-0.34202,-0]],
      "t": [-9.35943e-18,0,0.25],
      "center": [-0.234923,0.085505,0]
    },
    {
      "image": "view_017.jpg",
      "angle_deg": 170,
      "R": [[-0.173648,-0.984808,0],[-0,0,-1],[0.984808,-0.173648,-0]],
      "t": [-3.51685e-18,0,0.25],
      "center": [-0.246202,0.043412,0]
    },
    {
      "image": "view_018.jpg",
      "angle_deg": 180,
      "R": [[-1.22465e-16,-1,0],[-0,0,-1],[1,-1.22465e-16,-0]],
      "t": [0,0,0.25],
      "center": [-0.25,3.06162e-17,0]
    },
    {
      "image": "view_019.jpg",
      "angle_deg": 190,
      "R": [[0.173648,-0.984808,0],[0,-0,-1],[0.984808,0.173648,-0]],
      "t": [2.88434e-18,0,0.25],
      "center": [-0.246202,-0.043412,0]
    },
    {
      "image": "view_020.jpg",
      "angle_deg": 200,
      "R": [[0.34202,-0.939693,0],[0,-0,-1],[0.939693,0.34202,-0]],
      "t": [-4.71852e-18,0,0.25],
      "center": [-0.234923,-0.085505,0]
    },
    {
      "image": "view_021.jpg",
      "angle_deg": 210,
      "R": [[0.5,-0.866025,0],[0,-0,-1],[0.866025,0.5,-0]],
      "t": [-3.71854e-18,0,0.25],
      "center": [-0.216506,-0.125,0]
    },
    {
      "image": "view_022.jpg",
      "angle_deg": 220,
      "R": [[0.642788,-0.766044,0],[0,-0,-1],[0.766044,0.642788,-0]],
      "t": [8.39467e-18,0,0.25],
      "center": [-0.191511,-0.160697,0]
    },
    {
      "image": "view_023.jpg",
      "angle_deg": 230,
      "R": [[0.766044,-0.642788,0],[0,-0,-1],[0.642788,0.766044,-0]],
      "t": [-2.06205e-18,0,0.25],
      "center": [-0.160697,-0.191511,0]
    },
    {
      "image": "view_024.jpg",
      "angle_deg": 240,
      "R": [[0.866025,-0.5,0],[0,-0,-1],[0.5,0.866025,-0]],
      "t": [-9.9638e-19,0,0.25],
      "center": [-0.125,-0.216506,0]
    },
    {
      "image": "view_025.jpg",
      "angle_deg": 250,
      "R": [[0.939693,-0.34202,0],[0,-0,-1],[0.34202,0.939693,-0]],
      "t": [-6.829e-18,0,0.25],
      "center": [-0.085505,-0.234923,0]
    },
    {
      "image": "view_026.jpg",
      "angle_deg": 260,
      "R": [[0.984808,-0.173648,0],[0,-0,-1],[0.173648,0.984808,-0]],
      "t": [1.29224e-18,0,0.25],
      "center": [-0.043412,-0.246202,0]
    },
    {
      "image": "view_027.jpg",
      "angle_deg": 270,
      "R": [[1,-1.83697e-16,0],[0,-0,-1],[1.83697e-16,1,-0]],
      "t": [0,0,0.25],
      "center": [-4.59243e-17,-0.25,0]
    },
    {
      "image": "view_028.jpg",
      "angle_deg": 280,
      "R": [[0.984808,0.173648,-0],[0,-0,-1],[-0.173648,0.984808,-0]],
      "t": [-2.66267e-18,0,0.25],
      "center": [0.043412,-0.246202,0]
    },
    {
      "image": "view_029.jpg",
      "angle_deg": 290,
      "R": [[0.939693,0.34202,-0],[0,-0,-1],[-0.34202,0.939693,-0]],
      "t": [5.95576e-18,0,0.25],
      "center": [0.085505,-0.234923,0]
    },
    {
      "image": "view_030.jpg",
      "angle_deg": 300,
      "R": [[0.866025,0.5,-0],[0,-0,-1],[-0.5,0.866025,-0]],
      "t": [3.71854e-18,0,0.25],
      "center": [0.125,-0.216506,0]
    },
    {
      "image": "view_031.jpg",
      "angle_deg": 310,
      "R": [[0.766044,0.642788,-0],[0,-0,-1],[-0.642788,0.766044,-0]],
      "t": [-4.97361e-18,0,0.25],
      "center": [0.160697,-0.191511,0]
    },
    {
      "image": "view_032.jpg",
      "angle_deg": 320,
      "R": [[0.642788,0.766044,-0],[0,-0,-1],[-0.766044,0.642788,-0]],
      "t": [-1.35901e-18,0,0.25],
      "center": [0.191511,-0.160697,0]
    },
    {
      "image": "view_033.jpg",
      "angle_deg": 330,
      "R": [[0.5,0.866025,-0],[0,-0,-1],[-0.866025,0.5,-0]],
      "t": [9.9638e-19,0,0.25],
      "center": [0.216506,-0.125,0]
    },
    {
      "image": "view_034.jpg",
      "angle_deg": 340,
      "R": [[0.34202,0.939693,-0],[0,-0,-1],[-0.939693,0.34202,-0]],
      "t": [3.88158e-18,0,0.25],
      "center": [0.234923,-0.085505,0]
    },
    {
      "image": "view_035.jpg",
      "angle_deg": 350,
      "R": [[0.173648,0.984808,-0],[0,-0,-1],[-0.984808,0.173648,-0]],
      "t": [-1.94643e-18,0,0.25],
      "center": [0.246202,-0.043412,0]
    }
  ]
}
